1539302414925-video_1.3_CVC 22 52 1.32 16067 15
1539303857517-video_1.4_CVC 25 42 1.01 14719 15
1547683734202-video_1.c_CVC 25 40 0.97 14354 15
1547722738650-video_1.d_CVC 24 50 0.97 16257 15
1547693943698-video_1.f_CVC 26 40 0.83 14712 15
1547915248799-video_1.g_CVC 24 44 0.77 14776 15
1547698148253-video_1.h_CVC 32 60 9.81 143588 115
1547986862398-video_1.l_CVC 27 40 0.84 14721 15
1539314415211-video_2.1_CVC 40 102 12.83 177565 99
1547997805806-video_2.a_CVC 27 38 0.85 14533 15
1548033283992-video_2.b_CVC 26 40 1.13 14714 15
1548034300723-video_2.c_CVC 25 34 0.87 12961 15
1548037113729-video_2.d_CVC 26 56 1.26 18890 15
1539316889981-video_3.1_CVC 29 76 10.03 144482 103
1539734942389-video_3.2_CVC 24 54 0.96 17512 15
1539737717686-video_3.3_CVC 29 58 10.4 122743 115
1539739275781-video_4.5_CVC 31 62 10.53 141896 123
1539740347920-video_4.6_CVC 23 44 0.87 14644 15
1539831132678-video_4.7_CVC 23 36 0.86 12709 15
1539832275246-video_4.8_CVC 30 54 7.09 113237 103
